0 0.379653 0.289553 0.023048 0.008405
0 0.444513 0.309205 0.023224 0.007941
0 0.502899 0.341368 0.012794 0.005033
0 0.492809 0.327158 0.013960 0.006128
0 0.553681 0.358879 0.010865 0.004464
0 0.535194 0.351178 0.013241 0.004842
0 0.653946 0.372798 0.007851 0.003631
0 0.670862 0.365572 0.007007 0.003603
0 0.623680 0.358395 0.007581 0.002807
0 0.601717 0.341997 0.011033 0.004789
0 0.502279 0.327246 0.004532 0.005536
0 0.497931 0.341630 0.003749 0.003241
0 0.598391 0.368812 0.011139 0.004950
0 0.622525 0.371906 0.009901 0.003713